Input Given : 

1001010010000010100110000000
1001010010000010010110000000
1000110010000010100110000000
1000110010000010010110000000
1001010010000010100110000000
0101001000000110101010000000
0101000100000101101010000000
1000110010000001100110000000
1001000110000010100110000000
0100100101000001100110000000
0101001000000101011010000000
0011010001000010100110000000
1001010010000001100110000000
1001010010000001010110000000
1000110010000001100110000000
1000110010000001010110000000
1001001010000010100110000000
1001001010000010010110000000
1000101010000010100110000000
1000101010000010010110000000
1001001010000001100110000000
1001001010000001010110000000
1000101010000001100110000000
1000101010000001010110000000
1001000110000010100110000000
1001000110000010010110000000
1000100110000010100110000000
1000100110000010010110000000
1001000110000001100110000000
1001000110000001010110000000
1000100110000001100110000000
1000100110000001010110000000
1001001001000010100110000000
1001000100100001100100100000
1001001001000001010101000000
1001000101000010010101000000
1001000101000001010101000000
1001001000100010100101000000
1000101000100001100101000000
1000101000100001010101000000
1001000100100010100101000000
1001000100100010010101000000
1000100100100010100101000000
1000100100100010010101000000
1000100100100001100101000000
1000100100100001010101000000
1001001000010010100101000000
1000101000010010100101000000
1000101000010010010101000000
1001001001000010010101000000
1001000101000001010101000000
1001000100010010010101000000
0101000101000001100101000000
0101000101000001100101000000
0011000101000001100101000000
0011000100000101101001000000
1000101000010001101001000000
1001000100100001010101000000
1001000100100010100100100000
1001000100100010010100100000
0101000101000010100100100000
0101000101000010100100100000
0011000101000010100100100000
0011000100000101101000100000
1000101000010010101000100000
1000101000010010101000100000
0101000100100010010100010000
1001001000100010010100010000
1001000100100001100100100000
0101001001000010010100010000
0101001000100010100100010000
0101001000100010010100010000
1001000100100001010100010000
1001001000010010010100010000
1001001000001010100100001000
1001001000001010010100001000
0101001000010010010100001000
1000100100000110010100001000
0101001000010010010100001000
0011001000100010100100001000
0100100100010010100100001000
0010100100100010100100001000
0011001001000010100100001000
0011001000010001100100000100
0101000100010010010100000100
0011000100100010010100000100
0011000100010010100100000100
1001000100001010010100000010
0101000100001010010100000010
0011000100001010100100000010
0101001000001010010100000010
0101001000000110100100000010
0011001000001010100100000010
0100100100001010100100000010
0100100100000110100100000010
0100100100000101100100000010
0101001000000110010100000001
0011001000000101100100000001
0101000100000110010100000001

Weights between Input Layer Neurons and Hidden Layer Neurons : 

1.178726908487533    2.717394876141713    -0.6114447334158402    0.45282597848771705    1.0686769419476203    -3.0555648771264057    0.013225016448102974    0.8413350807985133    0.07561881140574281    0.7989200684849842    0.0620086172218417    0.27883603663169676    -1.648620645598376    -0.7354265747650562    -3.25825300145027    0.14584784456781213    0.81225127396956    0.3832729769662332    0.1572622960872893    0.3384527927571142    0.431555278362112    -1.1853932637392988    
0.06690217567485883    -1.6813338777321845    0.5470679204211937    -0.5585289701801502    0.3706757582900317    1.5805614466895606    -0.6582748321461405    0.9761987367210091    -0.45385221164898637    -0.7782320832443234    0.11123319780099696    0.1228191048550664    -0.0928494729337379    0.3633206536679861    0.25843059748964714    -0.4377189256190548    -0.3327354624029181    -1.4397376126136445    -0.7692023303651063    -0.47963010233668535    -0.9616688435833831    0.8690100048739038    
-1.5622488558827274    -0.41896546273840324    0.44201859003867267    -0.6971107514898929    -1.2694066788754699    1.4757066102777754    0.3547821315745048    -1.3899863272205923    0.5852266562290281    -0.6809737732270459    -0.9372506750930258    -0.29184133913145016    1.6296656937524414    0.27958801502739083    2.4980809932519192    -0.5660337819909788    -1.1735903351378927    0.318297707569049    0.39039442615375125    0.18265523706952908    0.6825142266467611    -0.25062455298749986    
-0.08787166194601788    0.6383017475642248    -1.131194265405851    -1.1852347459340884    -0.47903366941509373    0.4843615117392826    -0.7296808690945098    -0.15299448767774704    0.4744439019028167    -0.226378658537932    -0.8710100337385277    0.25188838296894683    -1.2745569118388167    0.042605820515436786    -0.9918296882517764    -1.4925958523024716    0.16574161644897142    0.9217487096898354    -0.8301365917092642    0.8727314648664045    -0.8692672115453286    -0.3552813164214076    
0.04144119115880825    -0.615306499439083    0.7523535576484744    1.1047289073346411    0.6362922714483976    -0.4925574500788827    1.7544020111638667    0.39150763887807216    -0.29187493667693587    0.2614801539115684    0.8965681618689048    -0.21763721819943407    1.2872018136903562    0.1350456968729624    0.2677153896036595    1.0235558478042843    -0.24163085747723503    -1.4553647547190995    0.620829529977869    -1.081350589900501    0.5595608042700008    1.2978192918717903    
-0.2514859540826679    0.8014036636008994    -0.41210890507450276    -0.1162786367472403    0.8611094818919875    0.1299192810039341    0.10332860695447901    0.5605690916738705    -0.0070403581962506945    1.0942172773188434    -0.20256553125649898    0.11089236566875801    -0.7126571474500646    -0.5695799654552615    -0.809199922631578    0.6638270939794353    -0.5207591160039277    -1.4249746090165079    -1.1741782882914582    -0.7714632769034641    0.7061550554077788    1.4525796544073555    
0.6723535015135771    -0.8956994353097647    -0.3035434865098756    0.3045471831710473    0.4720476273806957    1.4889999160240244    0.38874091878474837    0.6614011774547711    -1.026979591678139    -0.28772048560539293    1.3146332590484324    0.6665951304000646    1.2284697163000162    -0.47606975485282854    0.2159849513818121    -0.03909446415961493    -0.21289222176800546    -0.020402531151532177    -0.6550653925684395    -1.1719964894197412    -0.7378901950170952    -0.5321890422624092    
-0.23661385363500811    0.7363473481372199    0.2557671458416588    -0.5821118861574672    -1.0038859675020022    -1.4240530164310878    -0.3594225916082097    -1.481014554704288    0.0050489095910548395    -0.29281567620778004    -0.8252458694638294    -0.5812865286968938    -0.33365926764218323    0.3475924144135597    -0.23142629331820508    -0.6341311509317251    0.48809161575726184    1.127553864023859    1.5384470549800544    1.0157495975892876    -0.34275388263559264    -0.2518071470645629    
-0.8302608362195409    1.1576844427330975    -0.00829844605322792    0.10222001332030768    1.1534930603628943    0.10881148834891884    0.8871890767454463    1.865629760678916    0.6534006618121015    2.195388126116565    -1.2500956515460142    0.9416758136063802    -1.0030605574600149    -0.161998074463884    0.21914221919546398    0.706679044821065    -0.40755430379814933    -2.9588693099491223    -1.9323012064641585    -1.2056848175630528    1.644238605953198    2.5283086810963638    
1.3556286895568717    -0.48479314223637493    1.6369641125795444    0.4492203727889441    -0.6013387262380034    -1.5016094937990438    0.11197778269673811    0.20374387393833707    0.09483127874002262    0.7573373526733941    1.5851768591366384    -0.8140319525980662    -1.7741948771194977    -1.2969582715015826    -0.7523040438180179    1.839215659644625    -0.6647923036821242    -1.6256339871892889    0.08396426583125007    -0.6063554043622407    0.8678032375677137    -2.1255503655780283    
1.5569256776181502    -0.06018784624654021    -0.6010011303721451    0.44576356005524415    -0.22690817795001936    0.39919087642388107    -1.8115418536963879    0.17332292310625638    -0.5486802852472777    -0.4454698909297141    1.069068166681596    0.1934865680605256    -0.001896800062184819    0.1387489544540119    -0.9767386250371421    -2.296460335428604    -0.9302138998723396    2.485969540099278    -0.13294739208144468    0.5304108741740079    -0.38059887457109814    -2.361737454541975    
0.12191001919308733    0.24905019145027318    -0.21875983103300253    0.14882394436414376    -1.3962355588903876    1.6062579033554039    0.3201022444559548    -2.422382000219289    0.242606795050773    -0.8851956141213809    0.6822951715930309    -0.4712274140932675    1.8778043634521269    -0.7670731171541977    1.6981989561420554    -0.6984469261714683    -1.6744345281048332    2.063780595870281    0.9520912542382086    1.8430163051945805    -1.236714081710271    -1.1545438760706288    
-0.12194078733650254    -0.578287365056073    -0.6593527014660419    -0.6383659639754296    2.0273835595430256    -0.85638283230002    -0.38668692192545373    0.25784659004567406    -0.7501863504875027    -0.42048325245182766    -0.8429145350042725    -1.376546530644176    0.3368651352486056    1.4595507922700126    0.7777892469919648    -0.1010575631295509    3.1713126448615663    -0.6525804052055907    1.3706463137284728    -1.4903960530593396    -0.4177720437208774    1.7962833788772328    
-1.5983495875896914    1.1455560812577552    -0.7197845951763407    -0.9562354260314493    -0.24762750503657055    0.1561183688135222    0.33745088713496324    0.5744745023710337    -0.4213212946202801    -0.13378906828239415    -1.6374498294263338    0.5200015082996181    0.27542356813138297    0.6061682690588929    0.5539544596040513    -0.4265721484271228    0.5352556944811727    0.2344698478022205    -1.1577632127218547    -1.1965306715388626    -1.3717111860069264    1.3194822955654264    
0.737461963616707    -1.5258694381069624    0.3404017080681316    0.5989692585712962    0.404506437281903    0.06407710834211826    0.33482716987507205    -0.8890346788406429    -0.4602619118828441    0.09207957230898485    -0.21710247753992748    -0.48349590914585844    0.0617415110614538    -0.38804305962569    0.6421859385004844    -1.6845972981729849    0.2527914504479327    -1.0641794423472    -0.007551221774700329    0.12059109248173343    0.3254510910956956    -0.050956838233622175    
0.016002777638576184    1.6280561688530728    -1.4900365969158185    -1.0889350968483575    0.5812425720251821    -0.9921917971672015    0.4484619144783683    1.2001736753621914    0.7108398238483429    0.3660748003823788    -0.43148845132662006    0.3652832065020537    -0.4971517942139664    0.30961699178169494    -1.5455279499612111    1.3461382742711918    -0.26942952578408635    1.162381658859986    0.5322288504902047    0.027377500562073852    -0.671856714232648    0.19784387378144688    
0.4353671405432834    -0.3710268775971096    1.1238152768363332    0.6321035863662012    -0.027770838137466242    -1.5940333786101533    0.7304981630704287    -0.22411685676723245    0.8988666935695663    1.0151660451378774    -0.36029684650785315    -1.2132162446564758    0.16084312244203017    -0.7324786228558732    -0.19413368501031175    -0.8364728673562647    1.561033936584655    -0.5523559863346374    -0.0216741197575749    0.434318400265978    0.8086082572110975    -0.6257170827855234    
-0.27974131076446973    0.3043659559889856    -0.8150653675551554    -0.5608194333401884    0.202527109465184    1.4154094431194408    0.4468899116628467    0.14050033851005722    -0.5748404903590416    -0.5085480006045525    0.29126752265527256    1.2824241802314966    -0.39184563788247256    0.2082586585685772    -0.04544543324588388    0.34460387270738013    -1.488142028616305    1.130719111479237    -0.27810796042987274    -0.3450600793000133    -0.8077829632697562    0.2566854849051358    
0.2946897068056224    -0.5208854566313904    0.6997681447469526    -0.7022774714242485    0.05719268516742156    -0.07301344965177047    0.7702529068930091    0.17038876238472503    1.886584158112619    1.6532567315181146    -0.4199133876400635    0.15245624641048117    -1.0792549319708973    -1.3632040061279673    -0.6935646723101417    -0.34991636505046236    1.1406529966497005    -1.583833070385527    -0.4410359450044615    0.6357647012436106    -0.34843376100520823    -0.7147053473355562    
-0.1875913223202737    0.6155706773661814    -1.4874143278660934    0.3983747475035979    -0.214445294816044    0.7499231884902648    0.1486289693854865    0.41960054271607433    -0.9813559368841607    -1.3013204514915198    0.6008463329839224    -0.29469371935719224    0.1898666786138908    1.1361992480182517    0.438947483751654    0.637945209451423    -0.2282908526250367    1.1964303666804146    0.31377487485778405    -1.3392217423880217    0.02813644072266595    0.8304938858581397    
-0.4464613984150912    0.7982628306198941    -0.649736014308531    -0.8677396526155703    0.4054434439844049    -0.46068261182665204    0.23226686375042363    0.17138262771157248    0.0027992590388339665    0.04828192919545076    -0.29009967724948793    -0.644401529964947    -0.2469609388617567    -0.7026594764384927    -0.5501691616099997    0.243730063449516    -0.295794631693445    0.29552955002361153    0.39124971403740094    -0.27564765129013424    0.008222780043146471    -0.09676141426859532    


Weights between Hidden Layer Neurons and Output Layer Neurons: 

-1.4738903383606288    -0.34774365652333933    1.5780879219758435    1.2043915228743576    0.34770640325485547    -1.7025263331658744    -1.2789975697125502    -1.9845581078186005    
0.7926209502846752    1.8750732691480536    -0.7498936678973477    -0.8719377399090253    -3.4120592891050023    0.050247847719681674    -1.8602464054664247    0.4676903412579575    
0.7162500818260356    -1.1575864237366391    1.9956704635305818    -0.25817862328811686    1.5323489140080666    -0.6620729479878853    -0.5868894479624583    -0.768251132568988    
0.24699052116651604    1.2844355942480836    -0.052574182496798245    -0.15955195524917284    0.8866096932299024    -1.8017487122438292    -0.858346917809503    -1.1497027038654108    
0.5085954317331376    -1.5343005231921656    -1.7218283036205086    -0.26821329545241324    -1.7264426341302737    -2.3777274216326063    0.8876881390703633    -1.31737324338097    
-0.7716718371014022    -3.137464022468275    -2.8059668164323206    2.76505692834977    0.8894522263488459    1.257635637893875    -1.0438767184170108    0.8391335861504364    
0.3405154795520316    0.7099452029871334    -1.3825133065430317    -2.0708451539435817    0.034402779157662676    -0.7566263721713344    -0.8237334712076099    -0.01321172790800192    
2.1356201283002805    -1.0031565465658956    -1.8237732714019268    1.325731998895027    -2.1445472953960594    -1.8528926170223257    -0.32587222806528227    0.38641077367589916    
1.049058863657    -0.7744305523099281    1.3289650994923377    -1.174904422803693    -1.2737923421338875    0.7342214673367787    -1.3950399349175668    -0.5968072257527074    
2.6497202649044365    -0.32495959642685907    0.4457438808693209    -1.4714801131568471    -0.7691370006400461    -1.3835112661482567    -1.7569419048288621    -0.9456318836183015    
-1.2009015826295992    1.08199980554859    -0.6592854698092434    1.4706419915845113    1.6541280041238522    -1.0097475535024387    -1.5344732258094704    -1.404935095933989    
-0.015094720490601655    -1.9053709665780554    -0.955324250662853    0.5361941831755044    -0.3624913644740777    -0.44607170046995176    -2.182999868613571    0.1348254466743615    
-2.668054283142479    0.4983012605736134    -1.2419719946183034    -1.5612877618897318    2.3901816992047933    1.1817281878458492    0.9003344467582077    0.4683236062874072    
-1.0967905285634274    -1.686370396755123    -1.0817839978108137    0.3058864564479196    -0.8476439623439945    0.1995189917038322    1.8902917694925796    0.7539415522905343    
-1.63929663815716    -2.3803160910122183    -0.8084980518712805    -3.12287550185972    2.0547765229221735    1.5977637476068074    0.7830884049997342    0.7665310632571137    
0.9946168511313673    2.5132849905224135    -1.8932068646285871    -1.472485026972951    -1.106849399774466    -0.7120644806984872    0.03231482262394134    -0.6034825042910904    
-0.3740269733716577    -1.0893297346734914    1.4960804456391805    -1.7663402625206754    -1.6422323731348694    -2.0644741462479628    3.4846213713577576    -0.31728046672903176    
-4.525311623459014    2.9879083240681488    -0.9965600752988122    0.19603624911982953    0.31505880741359404    0.29060144113908515    -1.2052944532465828    0.9045900057689751    
-3.0472477327933487    -0.20725932785732512    1.0293807026498951    -0.8606306595257572    -1.1684955976157496    0.4304389514454707    0.9047445972696242    -1.3746157205145453    
-1.5382309517319894    -1.1215096946220264    2.2169573100156916    -0.035776936691708124    -1.386426479075629    1.6298569066948827    -1.4593261713389118    -1.6815560617607972    
1.9951875155907073    -0.7185782694764727    -0.6475867573197853    -1.5166002879220053    0.8070807935918958    -0.9000430671296424    -1.142311178578762    -1.1710668318101607    
2.0187632272969482    -2.3197424308584713    -3.2503808166423824    -2.867183842739126    -0.9902257105143858    -1.3839853395779271    1.6524545934221573    0.9791289580287273    
-0.2477052616160051    -1.145703404231502    0.2546982630427323    -0.43781261675625965    -1.2571023638033625    -0.8284594079819385    -0.7643013068878025    -1.0848466972180633    
