1001010010000010100110000000
1001010010000010010110000000
1000110010000010100110000000
1000110010000010010110000000 
1001010010000001100110000000
1001010010000001010110000000
1000110010000001100110000000
1000110010000001010110000000
1001001010000010100110000000
1001001010000010010110000000
1000101010000010100110000000
1000101010000010010110000000
1001001010000001100110000000
1001001010000001010110000000
1000101010000001100110000000
1000101010000001010110000000
1001000110000010100110000000 
1001000110000010010110000000
1000100110000010100110000000
1000100110000010010110000000
1001000110000001100110000000
1001000110000001010110000000
1000100110000001100110000000
1000100110000001010110000000
1001001001000010100110000000 
1001001001000010010101000000
1000101001000010100110000000 
1000101001000010010110000000 
1001001001000001100110000000 
1001001001000001010101000000
1000101001000001100110000000
1000101001000001010110000000
1001000101000010100110000000
1001000101000010010101000000
1000100101000010100110000000
1000100101000010010110000000
1001000101000001100110000000
1001000101000001010101000000
1000100101000001100110000000
1000100101000001010110000000
1001001000100010100101000000
1001001000100010010100010000
1000101000100010100110000000
1000101000100010010110000000
1001001000100001100100100000
1001001000100001010100100000
1000101000100001100101000000
1000101000100001010101000000
1001000100100010100101000000
1001000100100010010101000000
1000100100100010100101000000
1000100100100010010101000000
1001000100100001100100010000
1001000100100001010100010000
1000100100100001100101000000
1000100100100001010101000000
1001001000010010100101000000 
1001001000010010010100010000
1000101000010010100101000000
1000101000010010010101000000
1001001000010001100100100000
1001001000010001010100100000
1000101000010001100101000000
1000101000010001010101000000
1001000100010010100101000000
1001000100010010010101000000
1000100100010010100101000000
1000100100010010010101000000
1001000100010001100100100000
1001000100010001010100100000
1000100100010001100101000000
1000100100010001010101000000
1001001000001010100100001000
1001001000001010010100001000
1000101000001010100101000000
1000101000001010010101000000
1001001000001001100100100000
1001001000001001010100100000
1000101000001001100101000000
1000101000001001010101000000
1001000100001010100100001000
1001000100001010010100001000
1000100100001010100101000000
1000100100001010010101000000
1001000100001001100100100000
1001000100001001010100100000
1000100100001001100101000000
1000100100001001010101000000
1001001000000110100100001000
1001001000000110010100000010
1000101000000110100101000000
1000101000000110010101000000
1001001000000101100100001000 
1001001000000101010100001000
1000101000000101100101000000
1000101000000101010101000000
1001000100000110100100000100
1001000100000110010100000010
1000100100000110100101000000
1000100100000110010101000000
1001000100000101100100001000
1001000100000101010100001000
1000100100000101100101000000
1000100100000101010101000000
0101001010000010100110000000
0101001010000010010101000000
0100101010000010100110000000
0100101010000010010110000000
0101001010000001100110000000
0101001010000001010110000000
0100101010000001100110000000
0100101010000001010110000000
0101000110000010100110000000
0101000110000010010110000000
0100100110000010100110000000
0100100110000010010110000000
0101000110000001100110000000
0101000110000001010110000000
0100100110000001100110000000
0100100110000001010110000000
0101001001000010100101000000
0101001001000010010100010000
0100101001000010100110000000
0100101001000010010110000000
0101001001000001100100100000
0101001001000001010100100000
0100101001000001100101000000
0100101001000001010101000000
0101000101000010100101000000
0101000101000010010101000000
0100100101000010100101000000
0100100101000010010101000000
0101000101000001100100100000
0101000101000001010100100000
0100100101000001100101000000
0100100101000001010101000000
0101001000100010100100010000
0101001000100010010100010000
0100101000100010100101000000
0100101000100010010101000000
0101001000100001100100100000
0101001000100001010100000100
0100101000100001100101000000
0100101000100001010101000000
0101000100100010100100010000
0101000100100010010100001000
0100100100100010100101000000
0100100100100010010101000000
0101000100100001100100100000
0101000100100001010100100000
0100100100100001100101000000
0100100100100001010101000000
0101001000010010100100001000
0101001000010010010100000100
0100101000010010100101000000
0100101000010010010101000000
0101001000010001100100100000
0101001000010001010100100000
0100101000010001100101000000
0100101000010001010101000000
0101000100010010100100001000
0101000100010010010100001000
0100100100010010100101000000
0100100100010010010101000000
0101000100010001100100100000
0101000100010001010100100000
0100100100010001100101000000
0100100100010001010101000000
0101001000001010100100000100
0101001000001010010100000010
0100101000001010100101000000
0100101000001010010101000000
0101001000001001100100001000
0101001000001001010100000100
0100101000001001100101000000
0100101000001001010101000000
1001000100001010100100001000
1001000100001010010100000010
1000100100001010100101000000
1000100100001010010101000000
1001000100001001100100001000
1001000100001001010100000100
1000100100001001100101000000
1000100100001001010101000000
0101001000000110100100000010
0101001000000110010100000001
0100101000000110100100001000
0100101000000110010100001000
0101001000000101100100001000
0101001000000101010100000001
0100101000000101100100001000
0100101000000101010100000100
0101000100000110100100000001
0101000100000110010100000001
0100100100000110100100001000
0100100100000110010100001000
0101000100000101100100001000
0101000100000101010100000100
0100100100000101100100001000
0100100100000101010100000100
0011001010000010100101000000
0011001010000010010100100000
0010101010000010100110000000
0010101010000010010110000000
0011001010000001100101000000
0011001010000001010100100000
0010101010000001100101000000
0010101010000001010101000000
0011000110000010100101000000
0011000110000010010100100000
0010100110000010100110000000
0010100110000010010110000000
0011000110000001100101000000
0011000110000001010100100000
0010100110000001100101000000
0010100110000001010101000000
0011001001000010100100010000
0011001001000010010100010000
0010101001000010100101000000
0010101001000010010101000000
0011001001000001100100100000
0011001001000001010100000100
0010101001000001100101000000
0010101001000001010101000000
0011000101000010100100010000
0011000101000010010100001000
0010100101000010100101000000
0010100101000010010101000000
0011000101000001100100100000
0011000101000001010100100000
0010100101000001100101000000
0010100101000001010101000000
0011001000100010100100001000
0011001000100010010100000100
0010101000100010100101000000
0010101000100010010101000000
0011001000100001100100100000
0011001000100001010100100000
0010101000100001100101000000
0010101000100001010101000000
0011000100100010100100001000
0011000100100010010100001000
0010100100100010100101000000
0010100100100010010101000000
0011000100100001100100100000
0011000100100001010100100000
0010100100100001100101000000
0010100100100001010101000000
0011001000010010100100000100
0011001000010010010100000010
0010101000010010100101000000
0010101000010010010101000000
0011001000010001100100001000
0011001000010001010100000100
0010101000010001100101000000
0010101000010001010101000000
0011000100010010100100001000
0011000100010010010100000010
0010100100010010100101000000
0010100100010010010101000000
0011000100010001100100001000
0011000100010001010100000100
0010100100010001100101000000
0010100100010001010101000000
0011001000001010100100000010
0011001000001010010100000001
0010101000001010100100001000
0010101000001010010100001000
0011001000001010100100001000
0011001000001001010100000001
0010101000001001100100001000
0010101000001001010100000100
0011000100001010100100000001
0011000100001010010100000001
0010100100001010100100001000
0010100100001010010100001000
0011000100001001100100001000
0011000100001001010100000100
0010100100001001100100001000
0010100100001001010100000100
0011001000001010100100000001
0011001000001010010100000001
0010101000001010100100001000
0010101000001010010100001000
0011001000001001100100000001
0011001000001001010100000001
0010101000001001100100001000
0010101000001001010100000100
0011000100001010100100000001
0011000100001010010100000001
0010100100001010100100001000
0010100100001010010100001000
0011000100001001100100000001
0011000100001001010100000001
0010100100001001100100001000
0010100100001001010100000100
