Input Given : 

01010010011000100
10010100011000100
01010010011000100
01100010011000100
10010010011001000
01100100010100001
01100010100101000
01100011000110000
10010010011001000
10010100100110000
01100100100100100
01100010101000100
01101000011000100
01010010011000100
10100010010100100
01100010010100001
01010100100110000
01100010010100001

Weights between Input Layer Neurons and Hidden Layer Neurons : 

2.6710817380238256    1.9525302415252401    -3.665188188749596    
-2.604984281221275    -1.0909906654054065    1.360579277012169    
-5.0637286294262775    3.330546955515358    0.33039079247951    
5.3388256666460885    -3.0703518894814295    -1.9210794601109564    
-0.1512491978141746    1.0487661021692554    -0.7194837396753351    
-2.7981882980309445    -1.818975659090916    -0.367302950958719    
3.8216679969250973    1.5552792807953169    -0.619031487657595    
3.3295598725889177    -2.8077263957033365    -2.1414924946888805    
3.157246733953167    4.360918388625347    -3.3741353013853517    
-6.701422300496376    -1.2068467690587794    2.925862965837689    
-2.556043808711591    4.642641845422306    -2.7949726550756213    
3.027549205389542    -4.8763481899089145    0.4795056838377962    
0.19248957516634163    0.5330640367729632    -2.022586891541174    


Weights between Hidden Layer Neurons and Output Layer Neurons: 

5.656033722428736    7.1723888585689695    -10.996477238835265    -1.2459299831880677    -3.500411225398566    
-8.038504625191118    7.402398997563659    5.53046554826739    -1.4831860249058892    -5.5814859365921405    
-2.959202430757879    -3.642632629615645    -6.142066722229844    -2.1256438132581175    6.50118935504784    
-1.3220511127957568    -10.720635163592673    0.9342811466380805    -3.9059575139790317    -1.1355601499942038    
